CONV NORM
# 9x9 convolution mask of a gaussian PSF with FWHM = 5.0 pixels.
0.001139 0.002441 0.004208 0.005834 0.006505 0.005834 0.004208 0.002441 0.001139
0.002441 0.005232 0.009019 0.012504 0.013942 0.012504 0.009019 0.005232 0.002441
0.004208 0.009019 0.015547 0.021553 0.024032 0.021553 0.015547 0.009019 0.004208
0.005834 0.012504 0.021553 0.029880 0.033318 0.029880 0.021553 0.012504 0.005834
0.006505 0.013942 0.024032 0.033318 0.037150 0.033318 0.024032 0.013942 0.006505
0.005834 0.012504 0.021553 0.029880 0.033318 0.029880 0.021553 0.012504 0.005834
0.004208 0.009019 0.015547 0.021553 0.024032 0.021553 0.015547 0.009019 0.004208
0.002441 0.005232 0.009019 0.012504 0.013942 0.012504 0.009019 0.005232 0.002441
0.001139 0.002441 0.004208 0.005834 0.006505 0.005834 0.004208 0.002441 0.001139